0.012825242917658554
0.01642193117800871
0.016600384767660528
0.017369194305076344
0.01289856400735155
0.013808849316280323
0.014135266199661545
0.011921406573059725
0.01375895817929042
0.01354752731221996
0.012615977178146756
0.013110780140730954
0.011832676187517913
0.011487438608029522
0.011445827895872408
0.012396078729987759
0.014898965230526601
0.012123521344402846
0.0134994874590075
0.011719393817329834
0.01279228607698551
0.009832681001983682
0.01198030841812982
0.011842677177241604
0.011722180256484138
0.0123983660107638
0.01388118491590827
0.012953665747555899
0.010696504702307734
0.011769598900239398
0.011110174937506831
0.013016324558564376
0.012721164766140085
0.012369958728893064
0.011143937645665625
0.014765422688850697
0.011922162708573394
0.014567905523489973
0.010093407883177941
0.016855237293768796
0.01088685930673177
0.012659744152177748
0.015864310935135902
0.016007581427589113
0.014107370063989308
0.013336333080892604
0.011999580887333546
0.016566992189027276
0.012129224761324029
0.01218337544624346
0.014034796046882934
0.014690320915233352
0.012397651298680493
0.0121244510392672
0.01556784793094214
0.014677583917468397
0.011969775458504046
0.01389055616029221
0.01229850992498404
0.016193957223273374
0.011620840151203468
0.01568483019598577
0.012036110743750543
0.01475529329332826
0.012174903855970668
0.01288740204520393
0.013602731784246775
0.011999407857931865
0.011650484215825931
0.012174217845325366
0.01275527678520198
0.013692604514379822
0.012831017550001784
0.013000450232042575
0.01257771805910508
0.01192480982180316
0.012642513186012085
0.014441768204180392
0.013370425511167917
0.011531509793998721
0.012442004303134248
0.011715015967498821
0.012460949448668851
0.0108387800125193
0.018001798241797866
0.015190094851907143
0.013120399529541145
0.012599883430851389
0.014908995876527073
0.015747683661352888
