0.015487538369747937
0.019514323128654747
0.01624685248044224
0.015378607062568704
0.014574322643986542
0.015205170384783842
0.015833102807831036
0.01386383396837055
0.017078047735808198
0.014939603077871714
0.015717346095016908
0.016440576553539428
0.015409154714773294
0.01801487550748866
0.015397619249128192
0.016053428014375034
0.01653521087737056
0.015398125239965792
0.01618446096305052
0.01632998260169402
0.015859100099583422
0.015083819325080865
0.01584011307347427
0.013367485913480096
0.01438519694038742
0.015196133006069024
0.01365357652944919
0.014838031029243366
0.014514430607377641
0.013446468296802393
0.01419375287014909
0.014755190121984302
0.014379480389843213
0.013261103514708219
0.014175049832560732
0.01484400185827069
0.015914792678397408
0.015347350440327284
0.014317797277690367
0.016152034750162202
0.015088002713419044
0.014538468069917806
0.0160789335734628
0.016223396070409252
0.015655212583942195
0.013329718617650732
0.015353948450591666
0.016638276710214343
0.013701009493218045
0.015729424439624183
0.014230832672436676
0.016258230050385913
0.013798057560896769
0.016072988577332813
0.015944567905904233
0.014700439659738291
0.01569734780995769
0.016252959460955292
0.013842349780099662
0.016098142395339923
0.013516935598514683
0.016876149711347613
0.013129007819755305
0.017831729058483185
0.013365626618236247
0.017016113741919938
0.014826859327585777
0.015980504808775005
0.013798835879445635
0.015904356759622897
0.015186056879969082
0.014547744713247854
0.014961017941744429
0.014913255657541277
0.016246919658782197
0.01544550767393286
0.014107140006655193
0.015068215812764124
0.014808715833992629
0.01614294775995708
0.015520272239732555
0.016684575213798687
0.014374666443055026
0.015838483502047807
0.017565799208664173
0.01690006706489539
0.015167877799388088
0.016243832192785187
0.017544288353957656
0.017193402460132103
