0.012846759646285852
0.01060561239267454
0.011066034616721364
0.00956749757993976
0.010417469741972541
0.010637379755199461
0.009940273822236645
0.009433913478364166
0.01062210782957846
0.010519530943418998
0.010692230837874916
0.010036057868844844
0.010190819558440329
0.010681611677038887
0.010170318325670731
0.009873537819998907
0.010570051565770407
0.009729615029687543
0.010033945530410582
0.009888823528113207
0.009883433200205155
0.009986309852866297
0.009693139768740821
0.00934220604673615
0.009736845554847277
0.009749096075311154
0.009671069072607627
0.009469971804715387
0.009999839712578434
0.009401533292635988
0.00958614787201132
0.009990201218411167
0.009397253978774956
0.010020612622966028
0.009316867804299397
0.010225028045533683
0.0097230839155362
0.009880215627483183
0.009603204999860136
0.010058663328370293
0.009671357337896399
0.010135702118731143
0.01018077914329095
0.010402495528400023
0.010337367255205756
0.008827303969149476
0.010786749633839842
0.009975647934018072
0.010247103738131464
0.009773598843237368
0.010243979804975177
0.009885650605988634
0.009663301541448552
0.010215546581065556
0.010327979795111419
0.010903582153427157
0.010220721887202164
0.010474604965396143
0.00982358550364714
0.010502789859600833
0.009550024395513355
0.010107866417849443
0.010109909639380878
0.00992196974723573
0.010621134402844077
0.009873277245215691
0.010035945480637503
0.010051704740059524
0.0096296917905886
0.010170278506467133
0.009861760380294349
0.009850053910965622
0.010648602869913957
0.01047403057706077
0.010542111441957101
0.010214635509495156
0.009918635551000043
0.010440333004439832
0.009904251465601586
0.009970711064422825
0.010512026879038428
0.009853545367799107
0.010517731944788297
0.010170148269098473
0.010835739126943267
0.010944951093480119
0.010343522601345627
0.010347909081766544
0.010819651458006459
0.010618887922754311
