0.008569496928288354
0.007003393953519521
0.007240150234075001
0.008205192044982261
0.0071551703984075
0.007889273105742795
0.007602377109512741
0.0076445875289752165
0.007618292181471295
0.00772256825290348
0.007799987446582726
0.007789315793561118
0.007548735857103906
0.008044820719312857
0.007710472205132841
0.007661680237070661
0.007688304139349056
0.007956447546149879
0.00781254858536022
0.007453322040149218
0.007929983152348746
0.007457423233029791
0.007531734991911022
0.007443914650757605
0.00745993563830391
0.007395682441391684
0.007501120914089066
0.007215812623129224
0.0075841908444330905
0.007526127596395632
0.007387325312547428
0.007504009412925175
0.007726768554641564
0.007485909089254173
0.007459859591791277
0.007541976001062609
0.0077251529699895495
0.007735279638070203
0.007606550306611767
0.00764169031482727
0.00797132841239515
0.00758090703055317
0.0077953555333644085
0.008028316079845351
0.008009231365138843
0.007885667170275076
0.007088723004961184
0.008100851310787211
0.007640311782693627
0.007361795027875283
0.007672150288968995
0.00785163114582336
0.008024434913078473
0.007257201863842782
0.007981786981002615
0.007858087892709155
0.008085965275395771
0.007773362219651332
0.00793089878967732
0.00766153902265558
0.00790958112616668
0.007586763794844099
0.008037287975038714
0.007522016438118477
0.007858503279566402
0.007847581836497636
0.007741591664865359
0.007820917477688106
0.007777871577996457
0.007632416664565225
0.007681011196891849
0.007893479811040573
0.007554338024248894
0.007836268157399249
0.007883137906408917
0.008046176020446178
0.007776873136331927
0.007504061421912468
0.007984871733152786
0.00797812610867154
0.007734073817460589
0.008014743735823122
0.0078042596158443165
0.007854403145761659
0.007758652010476854
0.008422916746817307
0.008395527787970387
0.00793762698546151
0.00799152595260079
0.008187738101270832
