0.013251945811938936
0.013357263345707719
0.01668873076751731
0.014294389995782836
0.015150261379147413
0.014871991446731377
0.01462119154669224
0.013009181377994415
0.016728171562745937
0.014942976745169798
0.01483411610379587
0.015621047213327568
0.013163448487696289
0.015972058489193024
0.01308749489502257
0.0147000918687051
0.014243451988191668
0.013122473338725973
0.014807150140163755
0.01328544051641357
0.014666324109299253
0.01262516915226802
0.013860143759629639
0.01602585459059765
0.014558465698721884
0.015143218529207724
0.01338233222018831
0.019000520078611558
0.012907995450583328
0.015371015834051557
0.014548694109056154
0.014852389189440157
0.014788841107297437
0.013392894959691091
0.018597246586787432
0.013331850884200414
0.016078312708836476
0.014736796059420262
0.01376250040282335
0.015886614544742713
0.013734033533657151
0.013440417235276447
0.014939137429655266
0.01344059024823003
0.01354711392790702
0.01406331587586172
0.013203013022748103
0.0156789803497915
0.014501015890528527
0.015988112312263072
0.013941153699759533
0.015301017669894468
0.013887847131545665
0.015249181359543392
0.014574311554499975
0.015547041834516424
0.015087046943216872
0.014757822607711758
0.01337869905668762
0.014720357427499678
0.01405694833383239
0.013961009949497588
0.0134833642334992
0.013087644240807014
0.015292791662208588
0.015580737924445363
0.014867086317678907
0.012990883351444238
0.01653821179412578
0.013550527816457344
0.012947989197803818
0.01934821163075238
0.024436213040477755
0.01879641138708493
0.0284773899699945
0.02202504805547635
0.028022327635930856
0.031075926911694387
0.03159637016113592
0.03529447861791906
0.03683207306328025
0.04426181933398692
0.03670676272588098
0.04204132058305689
0.028260836091990354
0.029628761002079288
0.023993747883625266
0.025130285129021664
0.02320826439752742
0.0242220907378809
