0.013694536740550895
0.009330429139033885
0.010126962425687457
0.011290274499951486
0.009944306430242486
0.010617004386755521
0.009949533440154253
0.009463981050045008
0.010028801640756431
0.009971805611323312
0.010114438092924921
0.010164625096100739
0.010018958305527799
0.00987516445356318
0.009740781768180697
0.009398748311658838
0.009956818153777063
0.009655759479579662
0.009389848189086844
0.009824174119144793
0.008516001942595577
0.01013714364099649
0.009551938471128436
0.010242893952490093
0.010254598238743421
0.009762680201019938
0.010012923208482797
0.009779699171608383
0.010181058350544326
0.009294616156477064
0.009937232910524564
0.009715623904810393
0.009902571804352622
0.010093964641897966
0.009184053547406713
0.010450826048245963
0.009626063868283082
0.010012613949634222
0.010635567458908953
0.010012504754618946
0.01032760678731753
0.009297418471245725
0.00977551165460027
0.009728328559126042
0.009948430639234734
0.009678977240391937
0.0097555627752282
0.009472713394736001
0.009665562177788514
0.00973624548352655
0.009804606845013754
0.00953499789443684
0.009965704886716446
0.009432077931666146
0.00999920407160034
0.00977684157662084
0.0099300218738837
0.010201465074190421
0.010281209293768169
0.009921600474936157
0.01014836559815416
0.009812105004289723
0.010623181441952451
0.010524957470984255
0.01012404879493893
0.010723445673494033
0.009496234620631192
0.010692269607360909
0.009869436251095189
0.010776169556893471
0.010256244516395951
0.010406247984955777
0.010684451635036302
0.010725499233058669
0.011738597324323582
0.012376454748713794
0.013880639872782128
0.013773115512624723
0.016064107581546277
0.01562265835128376
0.01746003369597568
0.01647291788027326
0.015899914825938957
0.01575371972933245
0.013206985829149753
0.016145103389295583
0.014383842781999737
0.014223160638971034
0.01666175733967387
0.01627519885933222
