0.007679683272039608
0.007314558433824874
0.00827264714812724
0.007590326659859189
0.007376551828120247
0.0075437810808771846
0.0075610085601237826
0.006969002976892879
0.007813017464455799
0.007849574093981357
0.007243409135151882
0.007615027339581585
0.007037403332840381
0.007473512301419112
0.007029114395396778
0.00703185199886539
0.007438305778910648
0.006924882304950847
0.007365669584474313
0.006852639752608784
0.0076278990766921705
0.007003539978644009
0.007452489881584899
0.007951730787470811
0.00749461644196481
0.0074387477021938715
0.00727459580750795
0.008074538785990341
0.0070368590782417485
0.007675072935755389
0.007477244786175419
0.007605730826935902
0.007574291003114053
0.006983135623244619
0.008148826919112097
0.007072492067896577
0.007476072938359748
0.007594333416465962
0.007122065705388695
0.0077419369526780255
0.007032951636765207
0.007265738074832415
0.007253576993785812
0.007201286313684501
0.007368966127382722
0.00757470079571313
0.007449802536464711
0.007521060468826005
0.007626710356033895
0.0076943042379670566
0.007416046682746118
0.007822094892266979
0.007412860033342515
0.007813750371992237
0.007449012328652804
0.007641799557754175
0.007690243668980704
0.007431742923001036
0.007590664118045772
0.007509686433738857
0.007321073239258152
0.007800148952257736
0.007361570825866957
0.007498075295181215
0.007830726395227755
0.007369856523160614
0.007724163047587016
0.007502699266499118
0.007772593567168088
0.007987261424448389
0.007862102131999747
0.008664981968633174
0.008343686354972587
0.008837305673212986
0.008795919896268727
0.009788664818328078
0.00948951726100819
0.010591058456230243
0.010194265720294552
0.011419821460901569
0.011171492203891678
0.010846876405674884
0.011961684296820933
0.01147365476449895
0.012416008874896162
0.011693322557690334
0.010942374177980869
0.011610293417206404
0.01147654245384733
0.012752948169026553
