0.007671495951847261
0.007202363640742273
0.017177501854554016
0.006959600951330762
0.010943752808161658
0.011866562079152482
0.013578834514465319
0.0074318982150736925
0.014233409172649073
0.015308340680929209
0.00938350748139209
0.010855138047326511
0.006368229086192675
0.012784428198550716
0.007068037352920731
0.007017118115023448
0.011925264771313913
0.0062265466276692485
0.011891260648697506
0.006116272046653209
0.014506690344834549
0.007467937715945818
0.00866383919624932
0.01615973433943177
0.013204123854438688
0.012907365902025207
0.009392752850762544
0.019151087641405162
0.006939643238096777
0.014796124929134102
0.011974143362269702
0.013649173437181038
0.014708682653148055
0.006935943257228512
0.018683536210143094
0.007823083432309712
0.01200923509265301
0.010323238274069436
0.006621956120186135
0.013734292365623197
0.006099549523528814
0.0093695377961443
0.007909215247887777
0.007969166228935046
0.01095215560727906
0.012658935317857806
0.011392383782488353
0.012224064728203447
0.014596433740533639
0.013626054151272306
0.010700894908174885
0.014928470784895523
0.010781426876419798
0.014921308789898013
0.011504164068988567
0.013438714480910621
0.012314837553889403
0.008287652249953602
0.008923050863506718
0.009734612827435101
0.00803974471826678
0.010832857133099005
0.007153800960063766
0.008778768179852256
0.01338727994935688
0.015316754409600765
0.011747361802492286
0.011467781161265175
0.016730370079686266
0.013295555205081418
0.012711878998113367
0.018916183271519397
0.023659220877880645
0.017710805392033364
0.027528546835036735
0.023197108243183998
0.028169963484401435
0.031035518875118455
0.032080523950931486
0.03685071668290958
0.03635563838434176
0.044516747138935525
0.03618414077280198
0.04197504122220873
0.027405969852004296
0.028151213745591916
0.022565518647342006
0.02235007471736622
0.02403966061387434
0.023096492835833666
