0.013374805876438635
0.0139554451893544
0.014418643261460976
0.014451108595871278
0.014483234243566673
0.013598423832232445
0.013508022021842314
0.016820630825259544
0.013682364357748838
0.01683545643460501
0.01577721122492242
0.01602949731202342
0.014970065453528766
0.01740004314725967
0.014419364562533295
0.01703020918069076
0.016049581238252418
0.016482299927176147
0.014544679918534665
0.016782854410614327
0.015336834907375535
0.015339263891704216
0.015535451442484765
0.01435648686271238
0.013167166643057926
0.014933202271906086
0.013357719561177445
0.013700519073335261
0.014834609242074774
0.013347735390813785
0.013696183201118676
0.013789879727925895
0.01323490478729266
0.01375004631104906
0.013027407794394187
0.01595875544305593
0.014648809554364782
0.01652440101245882
0.013421444320593884
0.01719813103145307
0.014360024961645207
0.014401321340469028
0.01720754308172221
0.01820633478721701
0.016023974104211195
0.013083923717664757
0.016190416816736462
0.015234021329007794
0.013352885215089734
0.014089276606591311
0.014070864052248123
0.015730934506752923
0.013645453545164152
0.014861187825848114
0.015834754194070832
0.013517583112764577
0.015261019789965207
0.015219722960986915
0.013842330917824181
0.01666322621289273
0.014267512260202758
0.016779142564941736
0.014644116105603894
0.01621509678048009
0.01572863451090737
0.015037299843801392
0.015660221881265684
0.015269986399160046
0.013353798504297992
0.015081748328041695
0.015086132283677726
0.014667686450737759
0.014377564795755658
0.015448831080747995
0.016160757299703923
0.01575268454607633
0.013212026967003108
0.016363056333633184
0.014425914171884852
0.015802188100005395
0.014516952955848844
0.015397722613268813
0.015145933759393604
0.014843257691673427
0.018299675481664644
0.016941171861428704
0.016298558288972517
0.016081576582351324
0.017332073023459578
0.017173494932361855
