0.010690222767918459
0.009884386679787166
0.01079564178881789
0.010250513086172267
0.009589888175118001
0.0090049443570583
0.010198469086735678
0.009585971249829385
0.009342522027218417
0.009991103625810207
0.009355435837010664
0.009814646843607295
0.009333776277368583
0.009880304681522387
0.009580392401326975
0.009610579743547959
0.010043400836267324
0.00985928073500988
0.00948181990757978
0.009870517099013704
0.00972836363942273
0.009720988427203023
0.009558306752873062
0.00937566970805349
0.008899584230376033
0.009309711566737312
0.00901601644714103
0.008905745031706725
0.009653458201726004
0.00870692720195671
0.009218255504778342
0.009606911517846482
0.00883521235435948
0.009713817074441397
0.009033499981902882
0.009949916878082117
0.009482374370868163
0.009403580032421413
0.009251863148008185
0.009832315088992249
0.009460275214282833
0.009655653202606604
0.01003099047414617
0.010125096918826914
0.010018098587070198
0.008643123303608948
0.01027766953637101
0.009626326147774124
0.010058286459363464
0.00957728786445613
0.01000137566332
0.009626174158692206
0.008983818613576208
0.009588051198827826
0.00980360896008212
0.00959349771910323
0.009800657261748828
0.009647149167994595
0.009309550400957461
0.009751838227665191
0.009064731099486256
0.009986688650226507
0.009344127268410673
0.009337617929720593
0.010293415127929834
0.009400326900851668
0.009568240740186465
0.010154528663498143
0.008910022661852207
0.009779373621222769
0.009553989305006047
0.009504611423911747
0.010523305252019163
0.010352665909962548
0.01037353657055943
0.010105134400949636
0.009761596086902961
0.009958531610215
0.010445690190473977
0.010099109694577115
0.010276323121590927
0.00983579778792177
0.009879367123702087
0.010546556828846063
0.010406106088325043
0.011412929041330361
0.010013616636810024
0.010902506484512846
0.010464751954473403
0.010574844326742123
