0.008047740630264363
0.007844327466539736
0.007587329416311744
0.00714726175840432
0.0073414878062664935
0.007410977012160045
0.007231377961468072
0.007188830116875488
0.007251992440961753
0.007344082320940062
0.007344542126648485
0.00764534253364155
0.00727215764280201
0.00762406128288348
0.007300525903706169
0.007579135824319502
0.0075461407940889125
0.007447443337705934
0.007311405819154572
0.007575770442474232
0.007215929703812225
0.007165716343876058
0.007305825746250809
0.00714443345355907
0.0069874236304311495
0.007109582032451701
0.006990561317588206
0.007109620761199603
0.007353079750042459
0.006897817317877398
0.0073531017711395575
0.007424035586039845
0.007168058127803956
0.0073838608640298216
0.007159709811055541
0.007674192692036092
0.007438803028522173
0.0073884653005713355
0.007463710556386616
0.007661459886601677
0.00731374073594967
0.007584054026652885
0.0077382354587404445
0.007845596879394495
0.007517744090621943
0.0069636179764611325
0.008003451802420595
0.00708917975649704
0.007230323661683776
0.0074427213551446015
0.007504500483527324
0.007729763638430705
0.006900322770787196
0.007722139321898328
0.0073638317827268065
0.0073221995954353995
0.007601857551163251
0.007261504118037781
0.0073384711941921355
0.00736695229668312
0.007406444515703314
0.007476060479103108
0.007400566926828451
0.007460021713480141
0.007725878781468957
0.007380286703944915
0.0073038839229803455
0.0078098170056245895
0.00717572504368429
0.007527415864759267
0.007504242736330439
0.007391270213871185
0.007502534330390708
0.007542147978844817
0.007642678455988016
0.007512179514213805
0.007087580382407479
0.007739326075959084
0.007734533694119429
0.007475060523730424
0.0077069525176787414
0.007632785711373934
0.00749668758295578
0.007658329441990255
0.007953893538513236
0.008533067333630302
0.0075020914877979746
0.008059445046971264
0.008057049817993541
0.007900393057153138
