0.007468973912140097
0.009066924569522721
0.010952225684418193
0.008483575143647972
0.008639715275360928
0.008441126966744313
0.010989947503337589
0.008827669240994172
0.009170848613851987
0.011551871397564679
0.010634429506035659
0.013103200083334023
0.010065396158007098
0.01289274465163822
0.009226107741112778
0.013286823007820829
0.011663882800705412
0.011512068394197236
0.011445802000309672
0.012105184399501574
0.008268850799894895
0.00828843549288511
0.010551626998863728
0.006903517704636348
0.007081815852754269
0.007082962417978693
0.006362016830696155
0.009476761527979608
0.009961954882233249
0.005831471395225031
0.01345772934453605
0.010449924449874321
0.010855831403661961
0.010622485965364846
0.008772473977561078
0.016070736503430102
0.010740894277209229
0.013196907336289358
0.012045585232776598
0.014199960920485267
0.011073423103942107
0.013235987096572359
0.014172527173429185
0.01708005871196895
0.013095543591375004
0.0055996982252647185
0.016993905465260844
0.008253204664520779
0.007443696079973174
0.01046269109959027
0.011419162406895823
0.01430699452008109
0.0059959523893029715
0.011782748599700564
0.01582583298962293
0.008366049509226646
0.013194984428480041
0.008297915946264015
0.010540937275875031
0.011966937038529859
0.009541820737287274
0.01440780750202032
0.011090554639628084
0.012122206414320953
0.014750840338967725
0.011428380806877301
0.011690029506243925
0.013572037604138007
0.007091484636994638
0.011983513060614851
0.011138199112649703
0.009819371820148283
0.008790021045562871
0.008627199296334482
0.010920079543549826
0.009559772537312123
0.006623201283524117
0.013203157507585486
0.011997795657431832
0.010241890133960105
0.01193193255535545
0.011402467700095613
0.01013240659374642
0.010787754969223668
0.014279468869264563
0.01667960508209716
0.011073073872899129
0.012124780231471573
0.014949725363732092
0.011267371542284816
