0.015385965526007765
0.006041580090037461
0.01222262849581969
0.013955485588600337
0.007175938513712805
0.013730850770037079
0.01036977815593011
0.013351034533909473
0.008665845020134264
0.013734304410546558
0.006378873698553431
0.011911296822236402
0.007673503274134784
0.008084078436238823
0.010252708035911294
0.0038601223465996454
0.012139603306192322
0.006473902987546552
0.007012773545810462
0.007603755360604777
0.00478710989479641
0.011104212063752446
0.0038265045212961383
0.013752946705612359
0.004890102484971989
0.00906861796584799
0.00878546564422531
0.007834321427277177
0.01263352536176613
0.005181037673161304
0.013181609386493317
0.010772328725175995
0.009692033970728244
0.009815688674361727
0.010226354135971389
0.011636257629977094
0.004659104821344445
0.01312903724641225
0.008787172421049788
0.009984950525331692
0.006378242703094871
0.01114337171065989
0.009170850981347177
0.006175439972899031
0.011006777865797871
0.010239945357088913
0.008248711500983795
0.007856746591264617
0.008079868689093578
0.00969161391011004
0.005277699546268548
0.009727286055754932
0.008344056998412876
0.006929765817325944
0.008017208488033037
0.008445041144005468
0.005691032706640524
0.009265106281150584
0.005441356694653614
0.00879559092137985
0.006634287559926811
0.00847684942515992
0.007813208767116109
0.008242651336017972
0.010054850630754982
0.00869856782661386
0.007891993390531139
0.009428814181604801
0.009165567465485622
0.008204815268922099
0.00834085390178266
0.009412219240354569
0.008251988757599145
0.008139179345377983
0.01086739744972954
0.010324471400855885
0.007425691893424349
0.009801196746542654
0.009883818198084541
0.008669886985675165
0.007797165639109579
0.009139911929606665
0.0094039812277543
0.008322902756011892
0.009167143271382537
0.012430745454421268
0.00906080413477596
0.009400027695683903
0.010359400212057343
0.010722993300395955
