0.010615572806201824
0.011433462090892466
0.011585633706509318
0.011317385095226187
0.009436866851299464
0.01011040190013694
0.010451724483821968
0.010200410206732903
0.009804262318589173
0.009522236359937788
0.009434685377966462
0.008669968706767076
0.009433256664859196
0.008853234274036476
0.009095502789319362
0.009304195496168855
0.00903637960846477
0.009156652518116166
0.008747811053425494
0.008736478631508848
0.009444106403092274
0.00869616048137357
0.009789921025908123
0.0083478493354879
0.0093147395772009
0.008693480916136052
0.009011825346393347
0.009224537821136256
0.00899859304046307
0.009431081243302098
0.008807769554300715
0.00940980778517694
0.009325511887688813
0.008968319575546214
0.008755637149314262
0.009080593093985925
0.009379320845806376
0.00886233903918231
0.00973267548719587
0.008639618593212835
0.009294500374347214
0.008365570412021035
0.009096846235409437
0.008664050914895714
0.00851813459833386
0.009205622701248743
0.00883551627241352
0.009018489723745332
0.008756984397453527
0.008966542079813775
0.008551185827771325
0.00850721877900548
0.008784707723324826
0.008645027297569344
0.008525249724399381
0.008710086107266249
0.00882105085409416
0.008412803900955255
0.009136919650947036
0.008533835959218044
0.008856625584878926
0.008865276391632385
0.009185759725587972
0.008916725420826587
0.008976795608102797
0.009584218881140295
0.009022791846327179
0.008703009438818469
0.009237065269298503
0.009302050059549425
0.008644170698047862
0.009269189156434907
0.009199899787576939
0.009057792449056521
0.008918791750147426
0.009215094309352096
0.009320743918586567
0.008810647307119177
0.008923409950460814
0.0094754150717565
0.008972268753250745
0.00877326518236311
0.009349169726858904
0.009156530758668307
0.008846758532197688
0.008924745945545787
0.009290582337389781
0.008928419149726918
0.008840747312442897
0.009264916161156338
