0.01566626964415162
0.014194520762677833
0.014318993808152243
0.01518164177655556
0.014383311736353791
0.014537130380505378
0.013725027339016682
0.014193197620740302
0.014960802535605538
0.01518305132297396
0.014991689466119475
0.013750914614871887
0.014246065586274727
0.013590719205839668
0.013714136660059828
0.013679273900742507
0.0144725371118495
0.014201456108847512
0.013840107090738964
0.01457775823194748
0.013233119858626923
0.015059055833056787
0.013302130014062412
0.015377036471636086
0.01381800354314186
0.013424110788296714
0.014234603096435067
0.014262181538358279
0.015791085087584398
0.013381544070457604
0.015833625387047467
0.013674768780427756
0.016068921639077784
0.013274251069607118
0.015787141280162932
0.015253629981786131
0.013650718280993266
0.017436305666728543
0.01350172258869376
0.016954515025350492
0.013533595185004473
0.014984206455861444
0.013063336831756001
0.01343144317301808
0.014148713561964624
0.013107835950405296
0.014498130794317107
0.013436342825874588
0.014761465878222935
0.013508167528069954
0.013727269375185706
0.013838058618770369
0.014069473607554906
0.01372416454423578
0.01404769760413712
0.01398384342607028
0.013205582376650963
0.015571257080297385
0.012891126967618365
0.01517635757008626
0.014993033946371758
0.014410307714585555
0.015126665760960577
0.014226891635157739
0.01592061374793421
0.014311870615055485
0.013957635192710746
0.01423968518414397
0.015022950373862
0.014972732233325068
0.014769956084973255
0.014130341371699627
0.014769375488296285
0.014191277264918615
0.01490450598505796
0.014585767317842306
0.013917242095689638
0.014693094984336191
0.014694330311910395
0.014287408302040047
0.013682672008879055
0.014671095539334473
0.014530981732297998
0.014080926801593872
0.013795007393706319
0.014801625685710031
0.01389508061176077
0.013521067962008752
0.014187173743076398
0.014274217754894895
