0.00839405328089841
0.00728007589187394
0.00793380569294092
0.00857549514032056
0.007373196905663686
0.00756130518632519
0.007197081679724384
0.007436999675452516
0.007585552538683786
0.007506939202835578
0.006913777071338842
0.007281861425269133
0.0071880488285832305
0.007041659007962653
0.007108770843145025
0.006749615440961986
0.0073749411991349675
0.0068761640308033535
0.007019630178096215
0.006824917228223431
0.006887990285485778
0.00715994010260302
0.006810855510276207
0.00742398657514791
0.006726308340765172
0.007185437984810532
0.006946624142998976
0.007057843170742245
0.007236661138887825
0.006825127834289994
0.007418426252223056
0.00711416105160571
0.007220424083411012
0.006980685575581547
0.007198896776008442
0.0071482297440295176
0.006887443505467193
0.007470062884727856
0.007036290793650533
0.007246405097614744
0.006916642632738991
0.007326910912218301
0.006898240248398111
0.00690413763638677
0.0072557634963864165
0.007057055040794333
0.007021272982335236
0.006965747237096263
0.007153480791268178
0.006892196370151814
0.006970984271853781
0.0070353795176959655
0.007015729173658209
0.006841432191418864
0.007035541909314209
0.0070089094767804665
0.006797001714743275
0.007162500243632184
0.006861112579594289
0.007070937737907126
0.006989341464235718
0.007199260297224396
0.007047286249878426
0.007066638306078797
0.007435808990158501
0.00707948083706648
0.007058201429737431
0.007212526531551869
0.007270131910122537
0.006966188859619874
0.007190924531392395
0.007243950253838631
0.007093959458208444
0.007106310252610911
0.0073431796881958614
0.007293341387986597
0.007024244319371815
0.007187966708282995
0.007365926508321793
0.00709148751060003
0.007026361704409376
0.007269000164109605
0.007220679423973546
0.007028314093969282
0.007190446733873381
0.007443137310955246
0.0071002087532080855
0.007134636156247688
0.007354047210684649
0.0072165501003323565
