0.01355835600495309
0.014752319456497694
0.013611271761539548
0.014552050481673115
0.014657509863479556
0.015034877328537437
0.014224809478274293
0.016081272633120213
0.014357896235319004
0.01332484187651934
0.015742910291787083
0.013237388866180665
0.015179857159027333
0.012974941787522752
0.01365580962445669
0.013359791858659155
0.013670234292372354
0.013225312657667541
0.013510022208982933
0.015144375265483739
0.013363023001853064
0.013270525493415796
0.014999078909352549
0.013425134327953524
0.014374841597351999
0.013668917901322257
0.018563644290769104
0.014328746387557276
0.015067663184137117
0.014467104306019687
0.015734964028620114
0.01445025850373052
0.01310959217124661
0.01585948246901038
0.01375150903879927
0.01478085607022846
0.013087983265291673
0.014232612104365272
0.014864288539171005
0.01362677105482817
0.015103264838948553
0.013823632363902313
0.013996851871955674
0.013124986635744748
0.014236898622254369
0.015414132969189245
0.01419977144122618
0.01754475327687589
0.013765908826267527
0.015324245464728435
0.01814318804914991
0.019284173262364035
0.024933944319631744
0.03007929626065001
0.03365462937262449
0.03472276533085412
0.03386808774317023
0.035732814084720316
0.039688944034883517
0.045821397991408504
0.04606336856132641
0.04810897014553218
0.0473170738062106
0.04227187137373299
0.03425555383974942
0.03252334565992899
0.0337411068273576
0.03084518807291029
0.025984774066152707
0.030516555902877975
0.024459123060018222
0.030165070116286153
0.025097707076184108
0.028217829894536466
0.020731716753891953
0.02521651737427612
0.023452517049966082
0.029738650169208392
0.02330504393841356
0.021254860828644893
0.022495859670565832
0.021720699465923844
0.017783740394977873
0.025615886274494723
0.020004872356426562
0.020001700593521604
0.021662375776782913
0.01675055464844621
0.02564601187355707
0.021740545479515098
