0.010831759956006694
0.011504014918736363
0.007811451876767876
0.013233072651630363
0.011395136134856394
0.010651533319391622
0.010726326043187942
0.011667660049536704
0.012336999370837522
0.006647293288652772
0.00942767575634917
0.00896561286324735
0.011723118747194054
0.006959015117324291
0.00967257133732255
0.00782121427188341
0.010262926225466125
0.007849213004351936
0.011139326201808825
0.014288213727539726
0.012090002143917327
0.0074941039632445096
0.016346202602359673
0.008486768274426754
0.015037461201203224
0.008290875713316475
0.01936485574284247
0.008531420646149977
0.010419947219369823
0.009665867665342838
0.01294693636933427
0.009212106278451138
0.00706290530536808
0.010912759004803608
0.011891331505047674
0.008476287729591562
0.008779327944820777
0.012409959978408477
0.012348824194502617
0.00984189092095045
0.01044789082450353
0.014547297533105703
0.011210035105401327
0.008916038779419131
0.009324623011564444
0.015828578222083715
0.010142163366676529
0.017182614899423892
0.01179410288178645
0.014777510704377082
0.018307520514548144
0.020793331869191224
0.024534353772189745
0.0294889504576735
0.034213928648673966
0.03433999191753036
0.03380920492113508
0.03625455000242906
0.04127277185321335
0.0451305552260314
0.045467869789952146
0.048293765607588766
0.044810028215519805
0.0437282181514545
0.03404068515903451
0.03717624998507489
0.031370929901054875
0.032734682756457405
0.026805483632901472
0.03179009484687682
0.024663487113527626
0.029470612698880797
0.02429341780165005
0.02812732995121861
0.01807626974134879
0.025284240927863133
0.022519976408812634
0.02815028877830276
0.025653418630603775
0.01854112853075485
0.021954829398983522
0.0167385482394258
0.023294851478966747
0.021036976588575187
0.021674242205652675
0.017788222596278422
0.026364676596912495
0.02004221740375269
0.029600862168438977
0.02759872820998299
