0.010313958008799699
0.01155593228086314
0.010012716165366567
0.010358013674992434
0.009910087588156325
0.010039705961823304
0.01050966240629504
0.009865920738710836
0.00957106136203411
0.009663032606883696
0.009329635812838005
0.009563887458137334
0.00978272008685655
0.009097164571309276
0.010016285493451656
0.009153108715971876
0.009904972632106566
0.009293235430558891
0.009679672741976298
0.009445228723342212
0.009806439454158603
0.008825185014820536
0.009896713851269638
0.00942129212681649
0.009788858315233637
0.009533705595569687
0.010376040478785313
0.009952315229947523
0.009878239777119848
0.009727730530234641
0.010083861863175808
0.00976589308701483
0.009524596752984373
0.010130013752287857
0.009914451679295801
0.009964481490933689
0.009832863639962275
0.010004762257317494
0.010206276229037763
0.010047350521141796
0.009823888745387699
0.009911122934358694
0.009832114995061118
0.009831103167500209
0.009589040524725298
0.010117283704682112
0.009532132043997672
0.010406606854833422
0.01026781586424687
0.010960088119317422
0.01124819933042585
0.011131496200662045
0.011977325161387728
0.011727163093732888
0.012671553240260272
0.012761976079614334
0.013316075171742596
0.013478793381745457
0.013946067614816683
0.015354362470532075
0.015151108800250997
0.018048039617839955
0.01773993962514673
0.01953980578289837
0.015825957140670043
0.01835088380701541
0.01655871198597171
0.018361560781934107
0.01693210551502186
0.015634264705128218
0.01498755053057473
0.013783268087660684
0.01370484471118089
0.015270429518843127
0.014535139766825899
0.015238548978310285
0.013811335350880846
0.014743604398074803
0.015736671640507512
0.015629901011124353
0.0185114759891859
0.017752245677528304
0.019714135774125986
0.0178360914226833
0.02073746363907563
0.015923631964704962
0.016288304376457553
0.013738184196309126
0.014075196312680165
0.012668785313425406
