0.007651291496127291
0.0077349552671507
0.007371785489172191
0.007962603001530467
0.007359433850159602
0.007222267464078801
0.007782907165157594
0.007409298374315164
0.007542615172051284
0.007137135673487826
0.007253434992385605
0.007231558181258882
0.007444214017234342
0.006854677844177105
0.007319169171593501
0.007051812193207139
0.007179364635656041
0.0070821169403842065
0.007272302727131719
0.007534246114560864
0.007218744149048754
0.007049783503434274
0.007629197659795855
0.007213168176168618
0.007472346503736122
0.0073545725587614505
0.007929820118172618
0.007302897828458692
0.0072608931213597955
0.007325723872404626
0.007458783035696196
0.007358321636642039
0.006986390878082561
0.007678354074830421
0.007338796156137252
0.007410254686907221
0.007326450024886872
0.007698019833769963
0.007702770545919191
0.007511537946520983
0.0075422229727250545
0.007687974885426171
0.007478062693946323
0.007358472728615817
0.007680379956524999
0.007945120722737663
0.007579001914700614
0.008267412163194996
0.007683825509216732
0.008141319695017853
0.008216811856258326
0.008323072538936957
0.009224303171906017
0.008650768657133826
0.00962775612471521
0.00938246983350975
0.01011491030114034
0.009683457283290526
0.010460344662338928
0.011069555873589616
0.010661021336539121
0.012326986058323275
0.013152358835254846
0.013434132824166608
0.012132820103080012
0.01321578291745613
0.011657135613532587
0.012866603343102512
0.012038974043838078
0.011171696142491843
0.010855908794794944
0.010267790353069697
0.010194131364564363
0.011621092268737726
0.010691141995946916
0.011116684530412833
0.01044382522937632
0.010714275511246422
0.013273411440110544
0.01304149698127578
0.019114834150292467
0.014884075394419438
0.017644967046423456
0.012549538030458114
0.010819361285981132
0.009184395744399177
0.009840696179000154
0.011043385072182346
0.010614245706276983
0.012213653629362102
